plant_id_eia
2858
2858
5
334
569
7254
70454
1372
1458
1470
1496
7258
2473
2529
2531
2858
3451
3461
3480
3523
3524
3526
3527
4938
4036
5
334
569
7254
70454
1372
1458
1450
1470
1496
7258
2473
2529
2531
2858
50607
54089
54571
880006
880013
3451
3461
3480
3523
3524
3526
3527
4938
4036
5
334
569
880021
596
7254
70454
1372
1450
1458
1594
10522
880023
1496
7258
13213
55082
10616
50797
54416
54807
880016
2473
2858
10628
50607
54089
54571
880006
880013
880007
880009
880020
880025
3461
3480
3523
3524
3526
3527
4938
4036
5
334
880021
596
7254
70454
7765
1372
1450
1458
1594
10522
880023
1496
7258
13213
55082
50797
54416
54807
880016
10616
2473
10628
50607
54089
54571
880006
880007
880009
880020
880025
3461
3523
3524
3526
3527
4938
7762
4036
5
334
880021
880004
596
7254
7765
70454
1372
1450
1458
1594
10522
880023
1496
7258
13213
55082
55303
50797
54416
54807
880016
10616
10628
50607
54089
54571
880006
880007
880009
880020
880025
3461
3523
3524
3526
3527
4938
7762
7945
5
334
880021
880004
596
7254
7765
70454
1372
1450
1458
1594
10522
880023
1496
7258
13213
55082
55219
55303
50797
54416
54807
880016
10616
3461
3523
3524
3526
3527
4938
7762
55858
7945
880075
880021
880004
596
7254
7765
70454
880067
880076
880086
880088
1372
880038
880065
1450
1458
1594
10522
880023
1496
7258
880031
880045
13213
55082
55219
55303
50797
54416
54807
880016
10616
10114
50044
880028
880033
880039
880042
880070
880077
880083
2440
880057
880066
880068
880074
880078
55703
880055
880079
4938
3526
3527
7762
3524
3461
3523
55858
50954
880093
7945
54344
880053
880041
880075
880004
596
7254
7765
70454
880067
880086
880088
880076
880091
880089
1372
880065
880038
1450
1458
1594
10522
880023
1496
7258
880031
880045
13213
55082
55219
55303
50797
54416
54807
880016
10616
10114
880070
50044
880028
880030
880033
880039
880042
880077
880083
55683
2440
880057
880066
880068
880074
880078
55703
880079
10321
880055
4938
3461
7762
3524
3526
3527
3523
55858
50954
880093
7945
54344
880053
880041
880075
8058
880022
880004
596
7254
7765
70454
880067
880086
880088
880089
880091
880076
880087
1372
880038
880065
1450
1458
10522
880023
1594
7258
880031
880045
880081
13213
55082
55219
55303
50797
54416
880016
10114
880070
14013
880077
880042
880083
880030
880039
880028
880033
55683
7996
880057
880068
2440
880066
880074
880078
10321
880079
55703
880055
7762
3524
3526
3527
3461
4938
3523
55858
50954
880093
7945
56186
54344
880053
880026
880041
880075
55209
880022
880004
7254
7765
70454
880067
880086
880076
880088
880091
880089
880087
1372
880038
880065
1450
1458
880023
10522
1594
7258
880081
880031
880045
880094
13213
55082
55219
55303
880016
50797
54416
10114
880039
880077
880083
880042
880028
880033
880030
50044
55683
50607
54571
880006
880007
880025
54532
880049
880050
880071
880072
880068
880078
880057
880074
880092
2440
880079
880055
7762
3526
3524
3461
4938
3527
3523
55858
880093
7945
56186
54344
880053
880026
880041
880075
55209
880004
7254
7765
70454
880067
880076
880086
880088
880089
880091
880087
1372
880065
880038
1450
1458
880023
1594
7258
880045
880081
880031
880094
13213
55082
55219
55303
50797
54416
880016
2529
2531
10619
50855
54138
54425
880024
880043
880044
880052
10114
50044
880028
880030
880033
880039
880042
880077
880083
55683
50607
54571
880006
880007
880025
54532
880049
880050
880071
880072
2440
880057
880068
880074
880078
880092
880079
880055
3461
3524
3526
3527
4938
7762
55858
880093
7945
56186
54344
880053
880041
880075
55209
880004
7254
7765
70454
880067
880076
880086
880088
880089
880091
880096
880087
1372
880038
880065
1450
50030
880023
1594
7258
880031
880045
880094
13213
55219
55303
54416
880016
50797
10619
50855
54138
54425
880024
880043
880044
880052
50044
880028
880030
880033
880039
880042
880077
880083
55683
50607
54571
880006
880007
880025
54532
880049
880050
880071
880072
2440
880057
880068
880074
880078
880092
880079
880055
3461
3524
7762
880093
54344
880053
880041
880075
880004
7254
7765
70454
880067
880076
880086
880088
880089
880087
880038
880065
1450
50030
1594
880023
7258
880031
880045
10619
54425
880024
880043
880044
880052
50044
880028
880030
880033
880039
880042
880083
50607
54571
880006
880007
880025
880049
880050
880071
880072
2440
880057
880074
880078
880092
880079
880055
7762
880093
54344
880053
880041
880075
880004
7254
7765
70454
880067
880076
880086
880088
880089
880087
880065
1450
50030
1594
880023
7258
880031
880045
10619
54425
880024
880043
880044
880100
880052
50044
880028
880030
880033
880039
880042
880083
50607
54571
880006
880007
880025
880049
880050
880071
880072
2440
880057
880074
880078
880092
880079
7762
880093
54344
880053
880041
880075
880004
7254
7765
70454
880067
880076
880086
880088
880089
880087
880065
50030
1594
880023
7258
880031
880045
10619
880024
880043
880044
880100
880052
50044
880028
880030
880033
880039
880042
880083
50607
54571
880006
880007
880025
880049
880050
880071
880072
2440
880057
880074
880078
880092
880079
7762
54344
880053
880041
880075
880004
7254
7765
70454
880067
880076
880086
880088
880089
880087
880065
50030
1594
880023
7258
880031
880045
10619
880024
880043
880044
880100
880052
50044
880028
880030
880033
880039
880042
880083
50607
54571
880006
880007
880025
880049
880050
880071
880072
2440
880057
880074
880078
880092
880079
7762
54344
880053
880041
880075
880004
7254
7765
70454
880067
880076
880086
880088
880089
880087
880065
50030
1594
880023
7258
880029
880031
880045
10619
880024
880044
880100
880052
50044
880028
880030
880033
880039
880042
880083
50607
54571
880006
880007
880025
880049
880050
880071
880072
2440
880057
880074
880078
880092
880079
55703
7762
54344
880053
880041
880075
880101
880004
7254
7765
70454
880067
880076
880086
880088
880089
880087
880065
50030
1594
880023
7258
880029
880031
880045
10619
880024
880044
880100
880052
50044
880028
880030
880039
880042
880083
50607
54571
880006
880007
880025
880049
880050
880071
880072
2440
880057
880074
880092
880079
55703
7762
54344
880053
880041
880075
880101
880004
7254
7765
70454
880067
880076
880086
880088
880089
880065
50030
1594
880023
7258
880029
880031
880045
10619
880024
880044
880100
880052
50044
880028
880030
880039
880042
880083
50607
54571
880006
880007
880025
880049
880050
880071
880072
2440
880057
880074
880092
880079
55703
7762
880053
880041
880075
880101
880004
7254
7765
70454
880067
880076
880086
880088
880089
880065
50030
1594
880023
7258
880029
880031
880045
10619
880024
880044
880100
880052
50044
880028
880030
880039
880042
880083
50607
54571
880006
880007
880025
880049
880050
880071
880072
880107
2440
880057
880074
880092
880079
55703
7762
880053
880041
880075
880101
880004
7254
7765
70454
880067
880076
880088
880089
880065
50030
1594
880023
7258
880029
880031
880045
10619
880024
880100
880052
50044
880028
880030
880039
880042
880083
50607
54571
880006
880007
880025
880107
880049
880050
880071
880072
2440
880057
880074
880092
880079
55703
7762
880053
